0.99
0.0667284043397421,0.0321014108239214,0.0121117459619938,0.0231019122959589

0.0622711355482559,0.0681076508285979,0.0871100352691068,0.0706793282463585

0.0487797826336603,0.0491919420842044,0.055403039588315,0.0410796650643831

0.0871846725033525,0.0237430549476962,0.0667783897634495,0.0652310008067782

0.0409532032678617,0.0708082219123879,0.0397654352475728,0.0519247681470238

0.0852047116287075,0.0577534100263163,0.0757692717694534,0.0488377853291285

0.0864227853326233,0.082102303203243,0.0867227107271192,0.0175581502577095

0.0662556389981209,0.0602070010314728,0.0480040706126038,0.0549467866332022

0.0533130272307028,0.0888560482109226,0.032691241252558,0.0373797318466845

0.0301952373702988,0.0379606420676972,0.0657443195841016,0.0209273941493255

0.0887915329256987,0.0627070383600458,0.0302979186644302,0.0577465664072645

0.0611721498757471,0.0651585544530109,0.0882723220802249,0.0543458250744016

0.0351943545160789,0.0202590302798241,0.013907057682009,0.0133744044617631

0.0336234098410343,0.0629002014048864,0.0166587311060441,0.0189749943134259

0.046332139054468,0.0532739606328653,0.0266791269633356,0.070168832345013

0.0713849401014787,0.0795518850113972,0.0144236892482376,0.0785727816021874

0.0111878714716005,0.0104562529551127,0.0777666378336803,0.0883286242924298

0.0810518136951382,0.039398657916765,0.0450357634364794,0.0129925612001645

0.0150639023282863,0.0288380410982473,0.0531332352213251,0.0324976732686617

0.037455491361886,0.028022705362189,0.0776656354533814,0.0312642308796124

0.0838299811230181,0.0423768856527176,0.0723637957416306,0.0559966087182968

0.0562999433494638,0.0446296661508408,0.031323376792168,0.0804128258258164

0.0821973171048785,0.0237162469391321,0.0810475927922165,0.0669212767374335

0.0212815151043616,0.0855754872390886,0.0395424540478468,0.0192396479143014

0.0582833491118082,0.0417251370622428,0.0565586949356639,0.0607158969206344

0.0773919166193306,0.0899436977877951,0.0632940113792634,0.0857956965993138

0.0652232668433447,0.0109144964818445,0.0883105021334768,0.014785368742787

0.0197669661835614,0.0741610578373824,0.0715195029515398,0.028309433692279

0.0656083251794839,0.0854148960837232,0.0763388512219949,0.0390080544487611

0.0171880892697666,0.0484270805299408,0.0322728382527236,0.0565582053207598

0.0691328761629448,0.0873538120078639,0.0161313071875513,0.0673355667560061

0.0483510651245485,0.0681144866990459,0.0817110460958029,0.0194884150891977

0.0792955870504005,0.0438935873070236,0.0642143241568535,0.0857303542996432

0.061464010426525,0.026949738532747,0.0438723142602818,0.083886283335223

0.0690828742734542,0.0765680991423168,0.0807733418749521,0.0553854468676194

0.046319164017364,0.026538008049381,0.0706458596422551,0.0180362592674961

0.0421967439875923,0.0627381590999375,0.0113129515579496,0.0258666190206383

0.0192366360170937,0.0105343995990857,0.0120515586445348,0.0198562685818673

0.0194522988095192,0.0100004896149042,0.0815830207576896,0.0800381046114667

0.0838123906002438,0.0859584446232572,0.0474446314747653,0.0871087801442988

0.0192034503860415,0.0788220870442791,0.0254897816923865,0.0658733788765377

0.0199467336805289,0.0757891486518966,0.056845423265754,0.0486585866467369

0.0515425818234415,0.0824525678867719,0.0599251801753068,0.0306199901274499

0.0576537386549887,0.0668873913851042,0.0202390413033958,0.0525948681135638

0.0267079523656089,0.0880950479200553,0.0351388227684138,0.075612906024611

0.0668015351410962,0.0658444270751646,0.0102517790721039,0.0787611874513147

0.0418420286624888,0.0543580555749862,0.0762780554901241,0.0614635208116209

0.0353667177750574,0.0538342096488151,0.0100738927349792,0.073124429650197

0.0391234676675515,0.0836645617306533,0.0461819964815779,0.0574970769730849

0.0110482263569945,0.0147724807657173,0.0880895255869671,0.0564075953356957

0.0158927358341835,0.0526543649112128,0.0643240371971969,0.0267840681303218

0.0406092194237789,0.071431568517085,0.0522025299268786,0.042564907424415

0.0797614483115084,0.0389881526441258,0.0633301522458578,0.0857173426801885

0.0608196218548434,0.0618317254501543,0.0303072450032026,0.0433590233108769

0.0785703079721752,0.0367285942410718,0.0340313502140489,0.0555886781055428

0.0895110931617725,0.0853819024541331,0.0232918688716795,0.0877083721746264

0.0823786751517927,0.0768007505251098,0.0814965224598984,0.0639891769243354

0.0307053949035264,0.0527419643303109,0.0515466417565693,0.0219354715998915

0.0100055223330881,0.0687312274327181,0.0697201701904275,0.0241471702298835

0.0115203898779677,0.0734677109417821,0.0481519680275358,0.0604104601454038

0.0121555256481075,0.0437131480657091,0.0717020725001125,0.0863785651309316

0.0805040574029573,0.0143565500547907,0.0223048077953536,0.0672917422173972

0.0633573167274507,0.0128229731707009,0.0689267690009096,0.0643196321159227

0.0707411305516684,0.0425008474814244,0.0568965021739232,0.0205108333800504

0.0393624960395333,0.0666156650225705,0.0344053929785292,0.0538084688986691

0.0799350460571866,0.0782133530025433,0.0218595125208886,0.0370194839811975

0.0774415108875565,0.0513946806459663,0.0857118203471004,0.0820883944221252

0.0821115552597267,0.0161600747733191,0.0418386334329092,0.0151025970303931

0.0785766262135359,0.0636208900686451,0.0534331524574352,0.0557979450960634

0.0236798299540206,0.0269133037407479,0.0172043147716691,0.078022125097002

0.0644959427297562,0.0242047802425012,0.0106318601968847,0.0278824217328254

0.0738151953294013,0.0772270096406466,0.0411943410482231,0.0575046748516637

0.021834725258795,0.0592093368103771,0.0747846741903502,0.0349047248553972

0.0490623179632529,0.0843434991288667,0.0704754140882173,0.0239421726455643

0.0318536355448205,0.044682588518915,0.0189370542433751,0.039109376756991

0.0186447297076903,0.0302164133732284,0.0751801869576705,0.0571972419541316

0.0609843397377917,0.0638241719705165,0.0757430059023867,0.0171202404830233

0.0790676950239892,0.0110985570778598,0.0868310034260298,0.0224491922987854

0.0594113502509014,0.0463832678815272,0.0793125261689129,0.0657302658146854

0.0775814928056586,0.0839770907880632,0.0532042886517962,0.0102145012469098

0.0202003395977432,0.0382071454954367,0.0702536691633303,0.0329022184493496

0.0313754005829689,0.016933908577512,0.0560402790671402,0.0842331270846692

0.0831454759804278,0.0394909798118709,0.0339443095512429,0.0689972414351056

0.0179762494973728,0.0680949380146782,0.0693773953893117,0.0442795293565279

0.0390245932848307,0.043434618242753,0.0568980819950337,0.0199910233588847

0.0114840037382599,0.0340741005651998,0.0684369798276746,0.0207361681809352

0.0623783333843473,0.0623354818915648,0.0654933746044959,0.0126790500817257

0.0150309729599538,0.0147451482735319,0.0363606798399057,0.0378765447567573

0.0814782998671188,0.0187225529964653,0.0289090371592478,0.0704375842122536

0.0499627442098981,0.0522779685083208,0.0358218413711627,0.0540504311602798

0.0177838929033763,0.0815098788177175,0.0239747645025955,0.0495767152121182

0.0671542475266169,0.0278337619909243,0.0144729428014126,0.0813164122362232

0.0670058724922155,0.045032996812385,0.0367056725298547,0.0441468745629056

0.0370790087930295,0.0432132652929115,0.0887304975086499,0.0761262390325434

0.0597701656677621,0.0595175009823951,0.0605238850650023,0.0590399186914041

0.0414405339730161,0.0533612289854145,0.0792021541247154,0.0784003277068959

0.0131302999719653,0.0860677647944855,0.0775189415679867,0.0892536965009075

0.0491859008554304,0.0889398111770581,0.0843167851466298,0.0767466247765099

0.0176127768715903,0.0128476508347539,0.0122071304555084,0.0199741249205424

0.0200993360626043,0.0288602646155563,0.0435819206543183,0.044544571393423

0.0578625390901521,0.0741769623682727,0.0356731775895102,0.0599979761475688

0.0680394757436772,0.0822138052770001,0.0107975359637279,0.0482650345742074

0.0199920554878153,0.0427827981267044,0.0206674185444915,0.0804452432275029

0.0817540834433185,0.0667819226797586,0.0226098971872637,0.0544226639179618

0.0123077246930021,0.0355744367956996,0.0464464152401529,0.0710864827321314

0.0403148204229375,0.0152192463005051,0.0421305113807928,0.0680660613151575

0.0507162116657552,0.0499590477533448,0.0365340976913153,0.0342313579582755

0.041006134837403,0.0787563725881075,0.0660269029699391,0.0409099010522058

0.0259355803280769,0.0259793136715793,0.011177379601252,0.0572635716047434

0.0276880513959043,0.0292041779771467,0.0203608519632187,0.0209164946949652

0.0852702288307577,0.0392539069937793,0.0792616410130922,0.0164031027287259

0.0782723926325666,0.0138715419191269,0.0849925413331913,0.0408308541918317

0.0802377536474903,0.0477844665375466,0.0176664002275404,0.0745248992669046

0.0724138493754034,0.0624954379221869,0.0142297509704855,0.052643292789647

0.0420464509874799,0.0576071162743527,0.0192817644818135,0.0280804279903324

0.0556797075856848,0.0665661780054524,0.0172588997368044,0.0312356828997078

0.0667558951567653,0.0697575174922857,0.064509662899426,0.0657747697717393

0.0656045430785066,0.0553463255825203,0.0367346125220575,0.0731035467158554

0.0252135848324809,0.0355299205451877,0.0758162539013737,0.0110609134291582

0.0259576052874129,0.0357274086520669,0.0797936686825909,0.0468446697466283

0.0549665064201534,0.0857032434994836,0.0439936043107852,0.0832216682998564

0.0710899723605672,0.0815020037030345,0.0584960516768024,0.05344014240589

0.0217495627010938,0.048534086811605,0.0252171206172635,0.0600809351215516

0.0199224134953331,0.0822804239728862,0.0552367871092804,0.0287040508253053

0.0319950072569749,0.0580259581133844,0.0396472075719606,0.0185148751402809

0.0393618790197009,0.0292177715614521,0.0652263111133251,0.03489142806497

0.021049854015489,0.034562853511685,0.0593113144344237,0.0468839288302157

0.0766791840208132,0.0131688375413273,0.0366856875022341,0.016319042335413

0.0678134475917618,0.0624370947351852,0.063113921570179,0.0599764640862013

0.0325725736946671,0.0240372314369479,0.0501457105391406,0.0752538914537308

0.0212614658154833,0.021069520493536,0.0540252070706455,0.0270704562669017

0.0401292049652567,0.0666536774005059,0.0631811332205223,0.0329331608595947

0.0702931334359074,0.0571122030760684,0.0690659061721833,0.0579316471740285

0.0860802010801063,0.07127879354231,0.0174827907269275,0.0357487348587014

0.0304769323861585,0.0191021762458152,0.0721718142843674,0.0465271188488822

0.0321906892686108,0.0216121228465867,0.0667609583850768,0.0185807251597665

0.0218483993093709,0.0188980782818506,0.0822674875297898,0.0474853187601479

0.0291665024027072,0.0852603230230791,0.0861314771306382,0.017957775820027

0.0178802475742438,0.0543933161182298,0.0872534093247975,0.0282923585261648

0.0651925644908066,0.0481558548464234,0.0847622230997133,0.0443961766149831

0.0613817202911627,0.0363781535748291,0.0665907953943083,0.0295669809447448

0.034102931369144,0.0687540403282056,0.0202388412553067,0.0865346540494518

0.0549543040082577,0.0373651867114777,0.0394995317000428,0.0234703974488519

0.0418654171525805,0.0136185916902584,0.0530632021851201,0.0896493429688967

0.0443085621084592,0.045444481910879,0.0152220569575308,0.0312311266834061

0.0743861898707162,0.0256958144603743,0.0137666584568874,0.0750328104128282

0.0609807259454302,0.0611081303521563,0.0500513995997847,0.0416868849618765

0.0740253842175125,0.0791904322007626,0.0605561703678948,0.072321077539735

0.0243399531461019,0.0377756376693843,0.0751453985577195,0.0858125356937817

0.0450213274522784,0.0471939774403321,0.0744777937906225,0.0430943589811653

0.0886592370265439,0.085732833480338,0.0825310147518902,0.0818013156912296

0.0557607913230363,0.0726610796817863,0.0660923586674465,0.0142616558839854

0.0113301139331097,0.0876040663559009,0.0739837964177056,0.0297480825799276

0.0429337978888926,0.0635310964163072,0.0600099867442669,0.0456859058307884

0.0326114951179416,0.08155798498148,0.0585862549993146,0.0629948010169877

0.0287026407284209,0.0685519562934302,0.0225092698319393,0.0657638718074951

0.0668090163435829,0.0571784541603078,0.08913044430275,0.0140897794831962

0.0284731931325389,0.0572506664913384,0.0546280155166183,0.0871145846681272

0.0609666881202565,0.0621276979763656,0.0325718896568622,0.0786533563903781

0.0331647997084841,0.0219653427656579,0.0292720190897919,0.0783196462636439

0.0850157716847098,0.0457897437157993,0.0403567710287668,0.0764213178616116

0.015206635783057,0.0408080877879672,0.0393872796508424,0.0508088567297947

0.0677656509251174,0.0394594927269311,0.0632010405758401,0.0534633424707983

0.0786077224410175,0.0214829927736348,0.0243917182527444,0.0301072807331138

0.0732235636483988,0.0267671429443951,0.0249922993476467,0.0885823371627286

0.0735306353790362,0.0620025791842502,0.0757884627514465,0.0440794474417714

0.0429760508392826,0.0768692117495785,0.0587813944596711,0.0708060999125271

0.040959206759445,0.0713566303538888,0.0225211061223043,0.0206461523522838

0.0622859658916881,0.0702666087356706,0.0679790293322778,0.0729128970126216

0.0381951852646634,0.0360879519703276,0.060557236024438,0.0360009285556157

0.0277911745094653,0.0483215875729553,0.0363241285580788,0.0790137004056078

0.0840496259154983,0.0111646730458199,0.0185068622271097,0.0494836953466217

0.0477359797236212,0.0124646089237484,0.0154297927419794,0.016397656764089

0.0869730434180112,0.0306896819270634,0.0147890108846077,0.0330131925004596

0.0600012809643528,0.0862773235869954,0.043445267022329,0.0283374240334786

0.0720266933282962,0.0585811797383154,0.0198496499703497,0.0864090205712286

0.0269383866046268,0.0525548882235563,0.0811773765791102,0.0183411137053469

0.043503963441357,0.0414788212401228,0.0819120954684504,0.0471356116780711

0.0562099069199571,0.078991370792031,0.0707911626532633,0.0352090478060809

0.0356784506261714,0.0867747623458387,0.0500298215262731,0.0418113777934627

0.0683623495224688,0.0192976991130494,0.0330701201889059,0.0384945978356966

0.0659268376119094,0.0161234493582153,0.0236731089342726,0.0415962839646248

0.0654775978510629,0.0449658368318183,0.0229116160482688,0.041917861677668

0.0826426849479986,0.0422198119909595,0.0539742352273195,0.0592099947711499

0.0384719376026056,0.0399151079868502,0.0620753138009809,0.041494737691942

0.0199872964667097,0.0101657485217628,0.0159797319052647,0.0162571584834983

0.020552513455298,0.0582941810639082,0.0501877498441319,0.0179816726259802

0.0498985192738001,0.0695799630785268,0.0873347418742882,0.0632265186185141

0.0462475020607223,0.0116338892288664,0.0499750745110098,0.0627289942152467

0.0355110595494095,0.0713550521346531,0.0304821829593192,0.0208149372464115

0.0388817792892837,0.0495810926144855,0.0428635158542839,0.0885381266095387

0.028567205191854,0.0499942337907824,0.0544929267300726,0.0239900949289976

0.0350171355647115,0.0215811678821133,0.0867371102034753,0.0857633426393211

0.0346994485448578,0.0185350838343311,0.0318240813267529,0.068196601000706

0.0133179672077847,0.0268129617054076,0.0279420843803985,0.0176326565480012

0.0559356995140834,0.0156914363082924,0.0816977646908247,0.0858976347725362

0.0476310949575301,0.0496850974297547,0.0856703596169457,0.0810087957191322

0.0822447374799497,0.0812452410120728,0.0336989352217405,0.0571168854679525

0.0194329250275311,0.0512603765545694,0.0126129584026583,0.0604062038522243

0.0573022326674788,0.0174416052957259,0.0776899532916443,0.0605582796645157

0.0138012543338357,0.0361976549151343,0.0729645370612687,0.0383173513916868

0.0728428528750515,0.011571399234967,0.0385270700736563,0.0377124182263913

0.0698098079021134,0.0717784735103038,0.059411027007462,0.0186980978440019

0.0534129677542546,0.022849526411318,0.0548792377323281,0.0331903429809913

0.0578833279236608,0.0469658810817478,0.0509070316520087,0.0688821077620993

0.0543238741738367,0.0634841310109404,0.0317453574490479,0.0437718945526387

0.0778822326603728,0.0396202247355227,0.0763304176117901,0.0734390719902884

0.0159221254316727,0.0614178774745287,0.0208943683332272,0.0858763619120588

0.0391230084137633,0.0573838047158829,0.0138314022141655,0.0297380445989492

0.0327268992470237,0.0533804132991379,0.0230547818974847,0.0460596957225631

0.0211580273560984,0.0579579413905544,0.0211989878170188,0.020466263969646

0.0318342140046108,0.0250008373777386,0.013703917713698,0.0865833986162131

0.0863811388222413,0.069422615421667,0.0125228759285635,0.0203363515857311

0.0565345736437173,0.018807845529545,0.0162344054906789,0.0403171233228953

0.0144522974660864,0.03919264250863,0.0504351187313139,0.0432226281395287

0.0252409816231769,0.055087998083368,0.0317902927947185,0.0183919304275848

0.0608841051770766,0.0635346650954032,0.0695750894302386,0.0860291630383717

0.0190181241971525,0.035141193133379,0.0104634437339676,0.0145029146245229

0.0339110991842631,0.0148473359294456,0.0577240804060009,0.0863659327832823

0.0522851431939216,0.0212790934794019,0.0219376805480279,0.0628813952826343

0.0359163070218248,0.079747018995577,0.0770579331680471,0.0364995100100057

0.0588950015459652,0.0105580167474961,0.0393417882683416,0.0303151628842182

0.051149399225204,0.0635142788912702,0.0252857471328628,0.0835342567383937

0.012945294567824,0.069832153757956,0.0308187140993861,0.0560700292727305

0.0361676485958359,0.012807057389434,0.0495821587925694,0.0582995489092076

0.0454257479475,0.0176747546753263,0.0775652744190606,0.0612399456888623

0.0689591716876995,0.0880199613040406,0.076425252401468,0.0516872377142716

0.0510837651235442,0.0198684727073966,0.0780319801289737,0.0831732039866844

0.0272549619606021,0.0775537234486797,0.017306321117704,0.0354939626275999

0.0680300649153209,0.0852907827847129,0.0494969288816196,0.0603260884295805

0.0341928768270616,0.0492599265460204,0.0448797638131677,0.0455038453058823

0.0198554460005162,0.0169291869955739,0.0115576200566989,0.0540789454263071

0.0740286218300595,0.0116540511332704,0.0601982841874465,0.0494780858044876

0.0616969346868326,0.0536381316388203,0.0274556473351343,0.0282415523464985

0.0121817445765164,0.0258179874791847,0.0575403383223062,0.0608750402419246

0.0241327643460281,0.0776545505540699,0.0692313977606741,0.0412809265178074

0.0754822987622965,0.0321125431461784,0.0662792947777916,0.0253915711191444

0.062525832640252,0.0853247514717862,0.0780399643574096,0.040876865811123

0.0533101285078144,0.0792560703629889,0.034106672082146,0.0861658214014796

0.0627949908621586,0.0420614291131783,0.0513844996883462,0.0620299846921256

0.0864623412473418,0.0323463069751609,0.0676586158842121,0.0494297139902738

0.0496701885199501,0.0385538943244861,0.0314762692998519,0.0636168303217817

0.0600980761135454,0.0790647687712055,0.0333122180510835,0.0522120774361361

0.0377504444624067,0.078621888639695,0.0461933240835524,0.0465383262729916

0.0700285287853463,0.0135988372953603,0.0600215465435859,0.0777429028543378

0.0406498922177823,0.0761660489375545,0.0815531127860551,0.0787038703582733

0.0236140867758608,0.0293214183763235,0.0861679572966732,0.0724408643238437

0.0295314595566743,0.0312898259336547,0.0554465614843399,0.0601203154633382

0.0644334877908386,0.0855103536301806,0.0644126989945829,0.0817864573708672

0.0199959346698578,0.0298016837704003,0.0816107379978573,0.0469284044378104

0.0106362738463265,0.0126624644560099,0.055293495005599,0.0734610638690465

0.0620125334207027,0.0358278869212735,0.0131264213487163,0.0646882398681195

0.0430627462794365,0.0775683458091544,0.0261372926161332,0.0591961535667983

0.0720398825695924,0.0636415968340084,0.0313800924743433,0.0202962923097873

0.0407931941891057,0.0789547455259388,0.035815627214413,0.0303487701436266

0.0423859370278129,0.0490354049760082,0.0440853707651074,0.0388082501798907

0.0336182072868655,0.0631919025877453,0.0777785896452975,0.042240090832226

0.0242091896451121,0.0544068667126852,0.0365423916031338,0.050226845014946

0.0219880992975031,0.0230931421057755,0.0771066290080113,0.0379874277617724

0.0308725539319555,0.0180920489170086,0.0266913369375706,0.0777861998545873

0.0261949970276072,0.0314797174285537,0.0393781180444072,0.04196311374752

0.0151525333175215,0.0862504079175416,0.0780804328937458,0.0107918909568302

0.0641302611558373,0.0541164066847956,0.0509932631817615,0.031041189143919

0.0839860565559874,0.0612619678542307,0.0145424674099975,0.0516008688703183

0.0585770936909025,0.0264852448257083,0.049842856582181,0.0888206308329574

0.048049297275976,0.0608863305164903,0.0504790502230074,0.0786558795667514

0.0510259542060206,0.0659104476011873,0.0472080542692952,0.0589467404638169

0.0765349678259971,0.0833926647125709,0.0794237383778317,0.0327011452720972

0.0622634085883682,0.0480294273598257,0.0141537731160194,0.0209062195992592

0.019657286931601,0.0121222570175874,0.0336557168623692,0.0373677993693239

0.0751114696939995,0.0769866986884674,0.0681098296763887,0.0600927829603165

0.0134136035309237,0.0155012024592148,0.0562407884589586,0.0507261314432724

0.018550674695778,0.0355057601376929,0.0694103340708699,0.0143873091062472

0.0582491923348276,0.0278707061046132,0.0397369025786113,0.0553086665111169

0.0710006672055464,0.0507222384776558,0.0809371595414994,0.0392420857163342

0.0490423536482464,0.0291336924299289,0.024256923130833,0.0707375964432664

0.0646926683069638,0.0282921179096643,0.0587777805555508,0.0459566291961617

0.0571081947382112,0.0836362478107383,0.0419435819387173,0.0564548366733151

0.0828295279633391,0.0224750572128571,0.0237091611389579,0.0610625985875086

0.0827765008401016,0.0803862672626908,0.0752422760358277,0.0455247517468057

0.0196696591422286,0.0864819228260228,0.0503960657680389,0.0510292076883042

0.023982330641701,0.0750364292715846,0.0644519529372696,0.0443927024837549

0.0182925247812143,0.0488451066049026,0.0399055523937128,0.0589350484539452

0.021185097476088,0.084413631146035,0.0783254457210775,0.0559777772640706

0.0627297755576343,0.0873722332331223,0.0854001146533527,0.0751214856212593

0.046723421903664,0.0202841592627969,0.0836179367050612,0.0249144268850397

0.0835621781989756,0.0229554973975548,0.021557781142908,0.0457741351219705

0.0141615449656553,0.0686743039911027,0.0625321656710152,0.0806143999428555

0.0654799624418281,0.0454124077946937,0.0295724265741056,0.0525604308222236

0.06873762666189,0.0632277154425288,0.0567552658015654,0.0796562390353792

0.0538401649723948,0.0243850780717959,0.0376641044149474,0.0182630881333086

0.0537306954170255,0.0730085334847721,0.0452697391972271,0.0884158968173041

0.0341496114917796,0.0577313838748873,0.0883328230298743,0.0854042676069794

0.0849861526093381,0.0101207904145684,0.0888013298431417,0.0893854998794317

0.0128639861209616,0.0354816388829991,0.0574670294893286,0.0110268332441462

0.0634786481286765,0.0286778178152991,0.0402311575180996,0.0396182207901116

0.0763129409338874,0.0492911524508573,0.0834550860121171,0.0657726896813943

0.0648412045719294,0.0357650148988539,0.0772401506021806,0.0895020601151055

0.0406169674315569,0.0157438756179734,0.0312813206488645,0.0323383438318681

0.0726200548478496,0.0753548485717526,0.0611837314680143,0.0205536447142035

0.0676857582003278,0.0231418843256039,0.0216245236301909,0.046430161090768

0.0703414809612285,0.0671278980640359,0.0856282473335174,0.0653591720272597

0.0466110779515519,0.0301869266946739,0.049696444701262,0.0432559877788909

0.0157606859532002,0.0557284325574191,0.0261775909067027,0.0351623471570957

0.0741539205536963,0.0880458836248358,0.0319501471994213,0.0144395429661682

0.079553447472655,0.0694970495158327,0.0335746922453748,0.0883845965929258

0.0704912332727067,0.0888307629147688,0.0547873001754225,0.0792422769913647

0.0688394697657039,0.0664629860112737,0.0267654450315821,0.027509137549209

0.0642979074149848,0.0469133847751251,0.0333410750438185,0.0503367638030726

0.0170532941851082,0.0838009964273316,0.0592767398288831,0.0191850428698515

0.0536629051173399,0.0280959139848575,0.0291616117298424,0.0446542778772555

0.0760685701975918,0.0439841628232897,0.0837413741619053,0.0748885348741377

0.0795662847112707,0.0861189734917688,0.0481844232781718,0.0745741712230137

0.0534047013723313,0.0567441885018461,0.0310001972415485,0.088188708684495

0.0795671920802291,0.0232399270372651,0.0659389278180613,0.0715107180464597

0.0223405978886134,0.0163859703421527,0.0865197022615558,0.0701480919402782

0.0134214816630918,0.032187307152053,0.068958080363906,0.058847301178075

0.0323873575136007,0.0658408271036301,0.0281090529719875,0.0803529241263647

0.0387691437959527,0.0227651043295698,0.0507766378488283,0.0614575334877975

0.0503354377859903,0.0789204143681193,0.0223160263953339,0.036507070449417

0.0150893887528635,0.0698987653012847,0.0896759922800939,0.0727204962739351

0.0282785627331019,0.0421912738085684,0.0641044361768777,0.0175537189131387

0.0259131875335766,0.0351523663593234,0.0607695717228435,0.0838133671478431

0.0278620686092703,0.0777660217824234,0.0868444449812381,0.0472769347751871

0.0315762117233017,0.0490135197895642,0.0412327962141637,0.0538812630455388

0.0650260824593837,0.0348940729838303,0.0525011773605371,0.0237254576076406

0.0680099205197813,0.057831499151807,0.045805027427061,0.0406395970427616

0.0159675506530178,0.059542663753751,0.0478532708985048,0.0106467777121099

0.0109239006419312,0.0394318573686443,0.0664213292935962,0.0424418325873287

0.0167099780620588,0.0237992059876207,0.0518695292071763,0.0612302078545234

0.0580828709751753,0.0614043614507673,0.0429341136444985,0.0872349911542772

0.0150712553807866,0.0342956858241445,0.0624908555170944,0.0510031220135293

0.0259206593483317,0.0134997030736411,0.0398813217644958,0.0113219179964261

0.0476876181539556,0.0584347633497951,0.0614809879900333,0.0701953157690332

0.0273975879407477,0.0759505346724533,0.0147105757541538,0.0604470635812949

0.0863862463815074,0.0334648391341161,0.0115861682601209,0.0563705237798256

0.0772990954608187,0.0601227940107336,0.0828894665059119,0.078430211240626

0.0213446924888271,0.0544026123939094,0.0405669567131283,0.0177770057356809

0.0871439905823879,0.0700025883596403,0.0857983920703635,0.0136217210086164

0.0819599593393318,0.0552661862062599,0.018654202226854,0.0437142346956368

0.0853406436347126,0.0848019054135317,0.0247189376944299,0.0124678475793767

0.0296613419892552,0.0465313529020787,0.0529591595581543,0.042489137292136

0.0679508693786109,0.0862260135245631,0.025044244646581,0.0307594433896055

0.0190886302334669,0.0814224656258814,0.064843961473016,0.0346180318410592

0.0598181931906464,0.0765635898646729,0.0199358956934586,0.044948461370053

0.0414062193182326,0.0740606442764684,0.0396584295247022,0.0615180469544223

0.0629327463605128,0.0321043160288149,0.0141779274140382,0.0676850297943154

0.0626363712794317,0.057859266981417,0.0782353564297014,0.0621314017344878

0.0672963324455993,0.060996341058517,0.0651064199465822,0.0115843409679757

0.0187459014396863,0.0891183206807442,0.0367091817905704,0.04076774255874

0.0171636344525794,0.0504003292137759,0.0204793418620151,0.0251186789642641

0.0393583677473284,0.0198075133235229,0.088688375502214,0.0157215249565065

0.0151586268866242,0.0611803602293042,0.0438035278179699,0.0153963694746589

0.0453302905128013,0.063705740856801,0.0123080153774042,0.0212799993582442

0.0551434758888294,0.0532008907400076,0.0395351012188639,0.0875570259604403

0.0423534254880405,0.0752741297638389,0.0698527660127044,0.0200916023971939

0.0179906570948617,0.0529128429120932,0.0534631109440062,0.0480922891749499

0.0263160456792992,0.0632596205050403,0.025872130401373,0.0606998725099023

0.0498544080741026,0.0691681531347186,0.0377848269174736,0.0810058901044568

0.0635813024144533,0.0245397505604381,0.0321596792070939,0.0531252330369899

0.0334159405266009,0.0884564024575317,0.0625264029076912,0.0114560110501275

0.0240557391634471,0.0728389869550425,0.0268011112216865,0.0135905915887983

0.0586883256811129,0.053826420588338,0.0464408650791463,0.0555450106996787

0.0595832194618803,0.0391521558301301,0.0884143170706994,0.0318895046887405

0.0705475632010715,0.0103877394648212,0.0171280218694024,0.0764455248352352

0.0563444023795167,0.0505960863272641,0.0794054792772073,0.0418990063815839

0.0453082298279313,0.0731036553080676,0.0555419614005564,0.0661621373780827

0.0359209139393274,0.0213021252729474,0.047698696943791,0.0406037253283913

0.0310412115329137,0.076409868181874,0.0641410854338394,0.0438970230305088

0.0227477268561477,0.0683967549625769,0.0860358632337469,0.0351516701398192

0.0361117316904067,0.0498725193552079,0.079403963493837,0.0624896250909612

0.0268187554258941,0.0603271197016943,0.011116653048022,0.0207022522439725

0.0707538360640192,0.0158953222287331,0.0204583269033853,0.0631935629496321

0.0174117286910358,0.0457141543718586,0.0867808306574732,0.0728198541993368

0.0190509231803245,0.0306273965261073,0.0561477812221962,0.0409520838553794

0.0272970255544861,0.0506389738436039,0.0676696776494708,0.0473862004081654

0.016127723644547,0.015837139750755,0.034503799166765,0.0731733512800063

0.0650110703962907,0.0545172940401907,0.0191417778325927,0.0121508082384946

0.0143518762310743,0.0719763517295832,0.0503337931448285,0.0164718830243088

0.0611921228334271,0.0269158541862461,0.0250802509556898,0.074981110126237

0.0719870022600456,0.0448397091565839,0.0854083013140635,0.0300255917105943

0.0108437983695622,0.0745051339941589,0.0331919966373555,0.0753270571610551

0.0796290375244008,0.0813212312345026,0.0348460998501843,0.0821203303300405

0.0222489737403807,0.0550837793783675,0.0178546445853331,0.0754727578468028

0.0722028417057371,0.0420177630856716,0.0563619014464141,0.0209816156751391

0.0358233205349293,0.0279433017680157,0.0456911818476818,0.0262365420238285

0.0867535443961404,0.0183075186648907,0.0588416867185578,0.0354353769614526

0.0853803612270301,0.0803089476331644,0.0216277313659097,0.0821350689940784

0.0155471455704175,0.0711666710959592,0.0589650815953338,0.0724573163979022

0.0552306725295403,0.0476440859388765,0.0465424020386033,0.0316225896503882

0.0726451431133995,0.0491767420057099,0.0835443137556055,0.073689839161788

0.0296711941900063,0.0270214475025523,0.0799018344981139,0.0492680968527068

0.06412170714425,0.0648610352980257,0.0342690413185717,0.0291743597477555

0.060553952739832,0.0140986352805508,0.0491577895913077,0.0540437004920299

0.089148527308902,0.069171759290235,0.0332720473144539,0.0825362797046715

0.0256634472756011,0.0877566196759029,0.079946695934025,0.0893200898912363

0.069693499868593,0.042711030856106,0.076573184759623,0.0410823026444215

0.0861186977830337,0.0353973281874309,0.0302420853172625,0.0345587557668606

0.0854753610470683,0.034739311796026,0.0383364725617396,0.0766465785292194

0.0343989880124102,0.0620013426858938,0.0865653478338222,0.0697320968935881

