0.1
-0.488516496537577,0.100145639942179,-0.567891240504775,0.0223930913040474

0.00664842419277333,0.0366434336190706,0.0369347970137686,0.0366517200694622

-0.116024525690342,0.018466054502996,0.0183391144025043,0.0183964842514438

-0.0240003024794642,0.0235232260490587,0.0237812616281161,0.0236506965371284

-0.177382461344173,0.017250412642645,0.0172954051747558,0.0172850465178752

-0.0259408621327038,0.0159006730489899,0.0157534497740072,0.0158804318771243

-0.0247470280954959,0.0184626553556013,0.0185928338082525,0.0173303223103685

0.0105930826081397,0.0567676602488416,0.0480040706126038,0.0549467866332022

-0.00222010304160423,-0.0122422115052681,0.0315945913120095,0.0317770925527959

0.0301952373702988,0.0379606420676972,0.0525719938824273,0.0209273941493255

-0.0224254185795227,0.0121664652067279,0.029513148451531,0.0297679914210687

0.00556042837698963,0.0415709328813577,0.0413983128559975,0.0415493049109978

-0.0201575890290819,0.0124238549314827,0.0124600665267644,0.0124712033925364

-0.0217128242573761,0.0220768599351589,0.0166587311060441,0.0189749943134259

-0.00913118233607668,0.0401187514775222,0.0266791269633356,0.0401743538534778

-0.0394856202065407,0.0260011400572633,0.0144236892482376,0.0260563489234231

0.0111878714716005,0.01039334059543,0.0296263891012234,0.0296913457228799

-0.0300111173973951,0.0204116483960004,0.0202433768274426,0.0129925612001645

0.0150639023282863,0.0288380410982473,0.0477811046101178,0.0324976732686617

0.037455491361886,0.028022705362189,0.0699140877416873,0.0312642308796124

0.012209786582511,0.0121108931873252,-0.0931409813556916,0.0121421360149559

0.0166398725897959,0.016508135621923,0.0166268262568681,0.0165632448728799

0.0172274837399583,0.0173138842775244,0.0173139709161926,0.0172754724527712

0.0144996980958549,0.0146271196741811,0.0145043408413814,0.0145224208883919

0.0240868976932343,0.0242618975737512,0.0241475823871082,0.0240684495327641

0.015114251012745,0.0149970430605055,0.0150614148252797,0.0150425712098469

0.0100230572515276,0.00999335292380324,0.00995795200546627,0.00997008283669302

0.019624689282045,0.029876712646547,0.0299285137588022,-0.0218890851978573

0.0621827417932298,0.084575446786481,0.0763388512219949,0.0390080544487611

0.017081952696653,0.0484270805299408,0.0322728382527236,0.0565582053207598

0.0662115026693462,0.0864972302825597,-0.0339734476790035,0.0673355667560061

0.0251331813080578,0.024978698647292,-0.0192420262173332,0.0193294194761699

0.0406438429486078,0.0405165355001915,0.040795611318368,0.0407614641805586

0.0217403881597485,0.0216536177890451,0.0217411540840886,0.0216619596538186

0.027223957701303,0.0272064785922565,0.0269597109966308,0.0271822396959833

0.0206903922203887,0.0205816360952381,0.0205583200484096,0.0178886412645464

0.0410173508811743,0.0411439356308204,0.0113129515579496,0.0258666190206383

0.013491925012977,0.0104656126909394,0.0119607554079885,0.0134982659784713

0.0194522988095192,0.0100004896149042,0.059284357501488,0.0596891825658223

0.0756553932302597,0.0760102621146149,0.0474446314747653,0.0312376923428558

0.0126218235340561,0.0125539790944581,-0.0297651161245374,0.0125270736814377

0.0105861617262516,-0.0250610444450173,0.0102152187763906,0.0105362593164541

0.0198044221617036,0.0197859342327259,0.0199281139531903,0.0198589317496933

0.0169989330654444,0.0170803905059221,0.0170106709039836,0.0169687510193952

0.0257733178292758,0.0260593160179818,0.0261132358321081,0.0260932178909703

0.0119747412347039,-0.0843848422821459,0.0102517790721039,0.0119173020832989

0.0258884250840244,0.0261127343164502,0.0260722438499175,0.0259078117677854

0.0112397772218607,0.011228771437359,0.00994965022835315,0.0111740623289653

-0.0111823521130403,0.0122631867131275,0.0122042185136114,0.012177171004561

0.0110482263569945,0.0118271972825279,0.0118402285954412,0.011745156217349

-0.0341788377121505,0.0101423104772207,0.0101148734744398,0.0100593290492403

0.019656376447756,0.0195338953699861,0.0195819483683359,0.0195827865025468

0.0522590138159222,0.0389881526441258,0.0520570361182198,0.0519483402476998

0.0371763268098978,0.0371672807374214,0.0303072450032026,0.0370103682733425

0.0349119222042752,0.0347097191650206,0.0340313502140489,0.0349778525632356

0.0593996152539218,0.0591345402144324,0.0232918688716795,0.0592879460070801

0.0541024331797066,-0.0240768558285941,0.053966881866449,0.0539879663739606

0.0307053949035264,0.00229361238203177,0.0425770567735476,0.0219354715998915

0.0100055223330881,0.0687312274327181,0.0684215734611812,0.0241471702298835

0.0115203898779677,0.0541424192965044,0.0481519680275358,0.00480635554394976

0.00483600512327723,0.00483061860244466,-0.0937830507552133,-0.0644572260357089

0.0790339033410696,-0.134324673027632,0.0201039839576067,0.0672917422173972

0.0119977217683724,0.0119392643980765,-0.0317861407820385,0.0119523180747426

0.0161089414574636,0.0162117344038832,0.0160749516581755,0.0161617238301728

0.0197097682254074,0.0197495211494884,0.0195637142538581,-0.145022757014386

0.0769003178936069,0.076733952339098,0.021092610362443,0.0370194839811975

0.027852740228134,0.0277373812601298,-0.0651052612621781,0.0276214867889828

0.0135557647284516,0.0134417203641537,0.0134912087127525,0.0135363624748979

0.0275203053283462,0.0275336337546991,0.0273161274554993,0.0274504610298405

0.0168782376609738,0.0168765984644384,0.0169068252437625,0.0170369150858339

0.00761484809024462,0.00763581777472999,0.00767397798586098,0.00765580099982483

0.0153331709636996,-0.0236479881908522,0.0153449253399342,0.0152826997386228

0.0194283273422133,0.00868424931476554,0.0194641876119201,0.019501641807597

0.0332820288442142,0.0335887946350867,0.0334653144502948,0.0237255912136767

0.0274849173226673,0.0273509325374607,0.0189370542433751,0.0271196839831815

0.0186447297076903,0.0302164133732284,0.0366444585252169,-0.0432902545790099

0.0598630013648394,0.0621286901380679,0.0757430059023867,0.0171202404830233

0.0783116576447753,0.0110985570778598,0.0360384363976719,0.0224491922987854

0.0583489521305132,0.0463832678815272,0.0286062319106498,0.0579782264108174

0.063781026670713,0.0636919113314236,0.0532042886517962,0.0102145012469098

0.00437453510122755,0.0043622292785323,-0.0951884350644898,-0.0173425706080592

-0.0188593195195197,-0.0827676776464506,0.0543795480114345,0.0842331270846692

0.0335912108525173,0.0333896370403129,-0.0163109004171849,0.0334926595821735

0.0125276612719974,0.0125311280532568,0.0126038647399772,0.0125022072492131

0.0134925069192647,0.0134805722843761,0.0135917724917075,0.0134779936241208

0.0114840037382599,0.0149268073372892,0.0149532538400218,0.0150475292565612

0.0286527548921705,0.0284895273576925,0.0284835951434118,0.0126790500817257

0.0150309729599538,0.0147451482735319,0.0276127549259295,0.0278117893680401

0.0275177255091207,0.0185547248049751,0.0273441113377391,0.0273170524031664

0.0190932917634839,0.00178414440165125,0.0191577201467878,0.0189870738692727

0.00808994360852375,-0.019443283140955,0.00816270694814999,-0.00083773552776676

0.0665158815359837,-0.072050994715442,0.0142140318959413,0.0813164122362232

0.0670058724922155,0.0446389726394868,-0.0633629506931393,0.0441468745629056

0.0367642935808574,0.0428268949390836,0.0379101984060556,0.0761262390325434

0.0460452834497649,0.0457423977766945,0.0100073767118609,0.0459284504963985

0.0414405339730161,0.0533612289854145,0.0660763442350925,0.0664766251348659

0.0131302999719653,0.0718896247526342,0.0712517120280394,0.0384500993470755

0.0491859008554304,0.0857936772197411,0.0843167851466298,0.0767466247765099

0.015625535568406,0.0128476508347539,0.0122071304555084,0.0157176198952083

0.0200993360626043,0.0269015531881335,0.0269879208895661,-0.0109008743205112

0.00963492850132902,0.00962723401271086,-0.0196835541863849,0.0094802101913701

0.0174433141133251,-0.0187615630989087,0.0107243864474305,0.0482650345742074

0.0198186505604972,0.0249841843049138,0.0206674185444915,0.0248224253977169

0.0129832086592398,0.0128658016344827,0.0128779693945611,0.0129105350112148

0.00939456707831562,0.00933983815740837,0.00933243717589891,0.00936969218211574

0.0111395779694961,0.0109212960507645,0.0111567758567879,0.0111311791631494

0.0168406444188181,0.0167153989041919,0.0167715259801155,0.0168484375617081

0.0292896389999714,0.0292856958715796,0.0291328393778202,0.0293908727417582

0.0196372313926086,0.019670383090942,0.011177379601252,0.0067201400666731

0.0274647623186728,0.0289555784136603,0.0199787110890478,0.0209164946949652

0.0844671032576622,0.0385407815768473,0.0284979801813749,0.0164031027287259

0.0782723926325666,0.0136892156191506,0.034227083023117,0.0408308541918317

0.0295023819835076,0.0477844665375466,0.0176664002275404,0.0738123188936055

0.021778441379158,0.0403322126989319,0.0142297509704855,0.0405051426768045

0.0383844027261645,0.0380388681753553,0.0192817644818135,0.0278546433975999

0.0556797075856848,0.0635200941186515,0.0172588997368044,0.0312356828997078

0.0620912077728469,0.0625516038679859,0.062162686019929,0.0620672659715341

0.014997683548577,0.00487899380382573,0.0319411933470768,0.0320020806922178

0.0249738323258172,0.0300915273755914,0.0300560115344858,0.0110609134291582

0.0259576052874129,0.0357274086520669,0.0662820876354907,0.0468446697466283

0.0134059481444914,0.0133938151632325,-0.0663318684149994,-0.116760897973437

0.0204471121127052,0.0792233829855795,0.0552159659006553,0.05344014240589

0.0110102660513907,0.0109850118891324,-0.123799246966904,0.010959904212233

0.00835435768088592,0.00835243165485024,0.0083696792765969,0.00833765799212372

0.00824764709792912,0.0082525037175741,0.00823820409311767,0.00818500781265164

0.0134722922112179,0.0134692218917489,0.0134744203086361,0.0133601539704128

0.0147118694091107,-0.114790402724386,0.0146642831562886,0.0146755512375196

0.015374538245618,0.0131688375413273,0.0154432118528082,0.0153799279499098

0.0496168824852745,0.0499569287100459,0.0498886943191618,0.0495233981607695

-0.0177239478643024,0.0240372314369479,0.0304502861828015,0.0303694080815447

-0.0288666817394139,0.0187367236597146,0.0188388540296495,0.0188289015133888

-0.0101870945430627,0.0377050885060205,0.0380395022960121,0.0329331608595947

0.0681483787052763,0.0565700200762214,0.0690659061721833,0.0579316471740285

0.0416417459121254,0.0412816342033065,0.0173782559530941,0.0354243124765311

0.0304769323861585,0.0191021762458152,0.0384023949910398,0.0384434317491203

0.0321906892686108,0.0216121228465867,0.0441110750986385,0.0184582236056557

0.0218483993093709,0.0188980782818506,0.0686979117853716,0.0474853187601479

0.0291665024027072,0.0344948343775164,0.0845296098763848,0.017957775820027

0.0178802475742438,0.00392803631343788,-0.0138131284140134,0.02025262925997

0.0594682550641698,0.0481558548464234,0.0597065805460769,0.0443961766149831

0.0167489687755319,0.0166841934586303,0.0109248874403652,0.0167498002799574

-0.01615809857911,0.022843716995992,0.0202388412553067,0.0226208845217054

0.0102709141822137,0.0102227091509181,0.0102317409013284,0.0102669877735029

0.00973950674661255,0.00983954868186708,0.00977297711893649,0.00976892816465897

0.00778469741923952,0.00778346384914704,0.00772415317686657,0.00772953335811352

0.0105920442481902,0.0105713160962429,0.0104993571194846,-0.0755212509895951

0.0592107493069236,-0.186583682023719,0.0481167207047811,0.0416868849618765

0.0573592417529033,0.0573691255142871,0.0100098194135228,0.057213935658566

0.0241493524691662,0.0374451275735921,0.0475625099506094,0.0473849765990244

0.0413344722705582,0.0415072355157398,0.0417175117492464,0.0416218159218362

0.063589859387952,0.0636588234624966,0.063735695558327,0.0635878640788991

0.0285606817156932,0.0285440275212288,0.0287022114178786,0.0142616558839854

0.0112687384914255,0.0329666957571362,0.0328095345807347,0.0297480825799276

0.0363309027655766,0.0361491653509025,0.0364278770540157,0.0363189189852779

0.0326114951179416,0.0611276627545041,0.0585862549993146,0.0606669334982363

0.0287026407284209,0.0479853755528787,0.0225092698319393,0.0476949183204021

0.0644067156195966,0.0571784541603078,0.0646433371213629,0.0140897794831962

0.0284731931325389,0.0572506664913384,0.0541455095888165,0.0871145846681272

0.0609666881202565,0.0615566578945021,0.0325718896568622,0.0786533563903781

0.0331647997084841,0.0219653427656579,0.0292720190897919,0.0225364498010075

0.0299113760377216,0.0300685957199432,-0.0150467966815209,0.0298551889864196

0.0126454952328962,0.0126965014290664,0.012515767055564,0.0127220413373777

0.0202240584260358,0.02026565840684,0.0203096478620818,0.0201895397995529

0.0178140441200737,0.0178353103701791,0.0179480688907031,0.0178707710774116

0.0165968793525414,0.016730174744059,0.0166518707809486,0.0167105540533965

0.0216159190216705,0.0217460662131686,0.0217944308917209,-0.0062905409327338

-0.203903468742238,-0.122950494628318,0.0582370477532281,0.0708060999125271

0.0305361323759442,-0.0293895704538238,0.0225211061223043,0.0206461523522838

0.0622859658916881,0.0645459338302933,0.0641372336564033,0.0644738056973647

0.0381951852646634,0.0360879519703276,0.0474332155658772,0.0360009285556157

0.0277911745094653,0.0483215875729553,0.0363241285580788,0.0582348203338149

0.0343385584870462,0.0111646730458199,0.0185068622271097,0.0341161390918937

0.015475469809479,0.0124646089237484,0.0154297927419794,0.0153684430657257

0.032857697162518,0.0321273982900138,0.0146681124211429,0.0479726990948272

0.0317247231680871,0.505049695238907,0.0201585258689992,0.0148995559411283

0.0510831407048339,0.051444509594457,0.0198496499703497,0.0512667985780108

0.0267371000204219,0.0461944679998747,0.0459015578362961,0.0183411137053469

0.043503963441357,0.0414788212401228,0.0664442493110678,0.0471356116780711

0.0562099069199571,0.0696256955120577,0.0701412105858025,0.0352090478060809

0.0353999857661733,0.044672874755419,0.044667313434833,0.0418113777934627

0.0431807621544201,0.0192976991130494,0.0330701201889059,0.0384945978356966

0.0265370025102454,0.0161234493582153,0.0236731089342726,0.0264113784087125

0.0286190112172005,0.0287396203848953,0.0229116160482688,0.0285729039812151

0.039845044545201,0.0396695797600496,0.0398393843582461,0.0397347547084337

0.0293142934654502,0.0291384742358169,0.0290715527909565,0.0292452464965755

0.00955050127595179,0.009572821212907,0.00959003917594435,-0.0834508586095841

-0.17699828329408,0.0572719694707768,0.0496887707360651,0.0179816726259802

0.0494256727327089,0.0689545081933698,0.0873347418742882,0.0632265186185141

0.0462475020607223,0.0116338892288664,0.0499750745110098,0.0578136668820188

0.0355110595494095,0.0648909044379532,0.0304821829593192,0.0208149372464115

0.0388817792892837,0.0495810926144855,0.0424885712261798,0.0500855283564163

0.028567205191854,0.0325537250199983,0.0326020275174817,0.0239900949289976

0.0346940196900805,0.0215811678821133,0.0507854256267227,0.0510299489601745

0.0113996154902706,0.397578452137518,0.0108796204004693,0.505049429368595

0.0505049841373758,5.05029180665165,0.0505049493179878,0.0501005043697912

0.0298221074998874,0.103423389151079,0.505049079617097,0.0379616954886867

0.0476310949575301,0.0496850974297547,0.0639925895816127,0.063527260515658

0.0679975006330382,0.0680038819753099,0.0336989352217405,0.0571168854679525

0.0194329250275311,0.0319127608366687,0.0126129584026583,0.0318977997778423

0.0275166929779251,0.0172909732136126,0.0276352099087635,0.00495269686787054

0.0138012543338357,0.0361976549151343,0.0729645370612687,0.0383173513916868

0.0673671503879215,0.011571399234967,0.0385270700736563,0.0377124182263913

0.0553617955197816,0.0549588701899737,0.0553146558476439,0.0186980978440019

0.0509416734776433,0.022849526411318,0.0505261651630274,0.0331903429809913

0.047792808507679,0.0469658810817478,0.0477110371292212,0.0475557278661293

0.0418751287878557,0.0419632969046604,0.0317453574490479,0.0422696100394935

0.027161199455255,0.0396202247355227,0.0701029041961603,0.0701304074203384

0.0159221254316727,0.0614178774745287,0.0208943683332272,0.0803531418805151

0.0391230084137633,0.0536533751679931,0.0138314022141655,0.0297380445989492

0.0327268992470237,0.045798729715852,0.0230547818974847,0.0460596957225631

0.0211580273560984,0.0574138024300772,0.0211989878170188,0.020466263969646

0.031545759676091,0.0250008373777386,0.0136104104482411,0.0523622252484962

0.0118579148897502,0.0125860204575889,0.00878213417525586,0.50504921897727

0.0505042452802041,0.0504856277718124,0.0505049435311367,5.05045620249746

0.504844820291349,0.505049471300767,0.505039479632084,0.0432226281395287

0.0252409816231769,0.0496112814691046,3.38909517817655,0.0181324121283699

0.0603563468697872,0.0623693765844498,0.0621412271092319,0.0620058524586041

0.0174913281282034,0.0174615143167923,0.0104634437339676,0.0145029146245229

0.0339110991842631,0.0148473359294456,0.0528116989702427,0.0531982243555898

0.03083300532411,0.0212790934794019,0.0219376805480279,-0.0478199444834901

0.0359163070218248,0.079747018995577,0.0770579331680471,0.0364995100100057

0.0588950015459652,0.0105580167474961,0.0393417882683416,0.0303151628842182

0.051149399225204,0.0562096207508024,0.0252857471328628,0.0560444396634103

0.012945294567824,0.0354904518328542,0.0308187140993861,0.0355073004855548

0.0283212754527926,0.012807057389434,0.0285363760494953,0.0283372105180392

0.0384954473910654,0.0176747546753263,0.0382558403616334,0.0384587032763788

0.0635106598839875,0.0632430853419394,0.0637371553508249,0.0516872377142716

0.0506517300786942,0.0198684727073966,0.0723998770154929,0.0725932198481432

0.0272549619606021,0.0300542579611303,0.0172053629398588,0.0301666390660233

0.0636487774704204,0.0631411779579141,0.0494969288816196,0.0603260884295805

0.0341928768270616,0.0483660498541163,0.0448797638131677,0.0455038453058823

0.0198554460005162,0.0169291869955739,0.0115576200566989,0.0370145110214729

0.048231434032296,0.0115193872097906,0.0485861011938018,0.0500092567891101

0.505040330011962,0.0161465170720526,0.010303142765462,0.390374048968469

5.05050481011516,0.0503319380032898,0.0504852235662154,0.0501944594611043

0.09756254111858,0.0150300982505513,0.50504950377304,0.0159351748379279

0.0487363739417735,0.0318276824517547,0.0497167152934775,0.0253915711191444

0.0489195129009338,-0.01576590335721,0.0485487020235561,0.040876865811123

0.0533101285078144,0.0792560703629889,0.034106672082146,0.0861658214014796

0.0554535233582931,0.0420614291131783,0.0513844996883462,0.00640968484520434

0.0864623412473418,0.0323463069751609,0.0676586158842121,0.0494297139902738

0.0496701885199501,0.0385538943244861,0.0314762692998519,0.0636168303217817

0.0474997673707617,0.0477828767923375,0.0333122180510835,0.0479053661875469

0.0325900905864396,0.0323897930871524,0.0326562113168663,0.0324793434213257

0.0446605223199639,0.0135012398824213,0.0446702411855518,0.044380685438251

0.0398904225242757,0.0399131945510671,0.0402531291046032,0.0401956672945286

0.0234501514433794,0.0269956366221334,0.0270479789279779,0.0269590628624647

0.0249477199720836,0.0248075453874915,0.0250143604430582,0.0248889784056788

0.0256868899967505,0.0256992341045694,0.0255601643846749,0.0255796223330855

0.0198567207289093,0.028973716991324,0.0291152090913114,0.0290587754789908

0.0105573426661481,0.0126624644560099,0.0492836815126241,0.0492021350051293

0.0518855975431411,0.0358278869212735,0.0131264213487163,0.0514649780345187

0.0430627462794365,0.059759455934414,0.0261372926161332,0.0591961535667983

0.0503862873703194,0.0502961524113194,0.0313800924743433,0.0202962923097873

0.503913492738804,0.0183858644915728,0.0172870461533147,0.016081862288132

0.0464238785601569,0.0293827482677244,0.0299168649843526,0.0298982151847582

0.0336182072868655,0.045418736049648,0.0450720941672974,0.042240090832226

0.0238253109225409,0.0539234800464277,0.0365423916031338,0.050226845014946

0.0219880992975031,0.0230931421057755,0.0263899695846439,0.0269885211777351

0.0273938278795218,0.0180920489170086,0.0266913369375706,0.0220083378560414

0.0261949970276072,0.0314797174285537,-0.0160156631360369,0.034212025322496

0.0151525333175215,0.0627956631177265,0.0628989036227926,0.0107918909568302

0.0461475782586711,0.0462097994616006,0.0463389455336779,0.031041189143919

0.0434172001559944,-0.088811856927141,0.0145424674099975,0.0433931588709776

0.0472871815939168,0.0264852448257083,0.0475753238127611,0.0473360685694303

0.0361029799698717,0.0360819062041003,0.0358406503057442,0.0357759918371984

0.0318759652488557,0.0316576349213426,0.0317960128835063,0.0317610529056694

0.0583373740907304,0.0580677242705861,0.0577985065392458,0.0327011452720972

0.0173198008477768,-0.00238538695133073,0.0141537731160194,0.0174072674512024

0.019657286931601,0.0121222570175874,0.0250318332009924,-0.0129288919256809

0.0751114696939995,0.0762706718665551,0.0674534017273654,0.0600927829603165

0.0133192976296108,0.0155012024592148,0.0562407884589586,0.0507261314432724

0.018550674695778,0.0274037788429375,0.0187724715186202,0.0143873091062472

0.0367238539652849,0.0278707061046132,0.036792130915536,0.0369028794587073

0.0449679945815975,0.0383231427726452,0.0386353473645402,0.0385287198363424

0.0383135061854651,0.0288939386562842,0.024256923130833,0.0385968903203733

0.039945521288526,0.0282921179096643,0.040076127684679,0.039937526959302

0.0571081947382112,0.0716475295167957,0.0419435819387173,0.0564548366733151

0.0709293456935369,0.0224750572128571,0.0237091611389579,0.0610625985875086

0.0827765008401016,0.0803862672626908,0.0752422760358277,0.0455247517468057

0.0194966468503489,0.021179480219026,-0.00510789488964149,0.0212445401911837

0.0206573904962082,-0.0257863954587262,0.0205675582130688,0.0204928299137095

0.0172936040256342,-0.00159364801644517,0.0173553928667162,-0.0415697758843077

0.0210171236471,0.084413631146035,0.0746333313554061,0.0559777772640706

0.0453198741295214,0.0452419727223821,0.0346305271379652,0.0452175861457572

0.0353397819701808,0.0202841592627969,0.0353585889621849,0.0249144268850397

0.0272865540590264,0.0227796999837323,0.021557781142908,0.0270381590428781

0.0141615449656553,0.0333548989348982,0.0335423618446766,-0.0700904463133988

0.0654799624418281,-0.0548773074282768,0.0288025454659186,0.0525604308222236

0.0588768216499609,0.0126792392845308,0.0567552658015654,0.0593426540522674

0.00337803399453741,0.0243850780717959,0.0258953795941428,0.0181329404760311

0.0537306954170255,0.0600763759293677,0.0452697391972271,0.0602951886546554

0.0341496114917796,0.0523207639132597,0.0526450299165289,0.0526302500131208

0.0584029746341853,0.0100997941255567,0.0583698035865519,0.0585518210248876

0.0127719900275044,0.0301944434710118,0.0303022103130181,0.0110268332441462

0.0622757575252259,0.0286778178152991,0.0402311575180996,0.0396182207901116

0.0763129409338874,0.0492911524508573,0.0826721960798437,0.0657726896813943

0.0648412045719294,0.0357650148988539,0.0765277174842027,0.0764713542396464

0.0353960814919237,0.0157438756179734,0.0312813206488645,0.0323383438318681

0.0726200548478496,0.0753548485717526,0.0611837314680143,0.0205536447142035

0.0204735834402241,0.0204672173603464,-0.033591721606111,-0.00394851227280617

0.0696563097908043,0.0658984146392476,0.0856282473335174,0.0653591720272597

0.0461848727244301,0.0301869266946739,0.049696444701262,0.0432559877788909

0.0157606859532002,0.0557284325574191,0.0261775909067027,0.0351623471570957

0.0396792816726679,0.037219306051633,0.0319501471994213,0.0144395429661682

0.0715239188444166,0.0694970495158327,0.0335746922453748,0.0718020240349187

0.056524871222807,0.0561352924535309,0.0547873001754225,0.0563735779948148

0.04000733600899,0.0397879199423583,0.0267654450315821,0.027509137549209

0.0137204083032768,0.046494395087051,0.0333410750438185,0.0503367638030726

0.0169275670825122,0.0838009964273316,0.0592767398288831,0.0191850428698515

0.0454354448561139,0.0280959139848575,0.0291616117298424,0.0446542778772555

0.0739405590276362,0.0439841628232897,0.0733104536573811,0.0735332415626652

0.0773176917355836,0.0772916363080403,0.0481844232781718,0.0745741712230137

0.0534047013723313,0.0567441885018461,0.0307613205333799,0.0865352680842014

0.0653410456593907,0.0232399270372651,0.0647150307755471,0.0647728952013405

0.0223405978886134,0.0163859703421527,0.0780733979513757,0.0701480919402782

0.0134214816630918,0.032187307152053,0.068958080363906,0.058847301178075

0.0323873575136007,0.0658408271036301,0.0281090529719875,0.0803529241263647

0.0387691437959527,0.0227651043295698,0.0507766378488283,0.0614575334877975

0.0503354377859903,0.0789204143681193,0.0223160263953339,0.036507070449417

0.0150893887528635,0.042331584777159,0.033779232357293,0.0420046604036747

0.0282785627331019,0.0370901697007965,0.0372372107711513,0.0175537189131387

0.0259131875335766,0.0351523663593234,0.0607695717228435,0.0749749254280128

0.0278620686092703,0.0770472151909932,0.0776175805182421,0.0472769347751871

0.0312914591628855,0.0485556513038567,0.0408830525463144,0.0538812630455388

0.0483840459304366,0.0348940729838303,0.00203004684997727,0.0237254576076406

0.0327456971392108,0.0329434802574717,0.0327309707927859,0.0327049920093267

0.0159675506530178,0.0254392666156548,0.0254814716124924,0.0106467777121099

0.0109239006419312,0.0394318573686443,0.0517715099384233,0.0424418325873287

0.0167099780620588,0.0237992059876207,0.0518695292071763,0.0612302078545234

0.0564555813299446,0.0569377619051137,0.0429341136444985,0.0566934643509689

0.0150712553807866,0.0342956858241445,0.0379289141841321,0.0381790585813307

0.0259206593483317,0.0134997030736411,0.0275127050551367,0.0113219179964261

0.0476876181539556,0.0584347633497951,0.0614809879900333,0.0701953157690332

0.0273975879407477,0.0759505346724533,0.0147105757541538,0.0604470635812949

0.0863862463815074,0.0334648391341161,0.0115861682601209,0.0563705237798256

0.0772990954608187,0.0601227940107336,0.0828894665059119,0.078430211240626

0.0213446924888271,0.0544026123939094,0.0405669567131283,0.0177770057356809

0.0871439905823879,0.0700025883596403,0.0857983920703635,0.0136217210086164

0.0819599593393318,0.0552661862062599,0.018654202226854,0.0437142346956368

0.0518052175380289,0.051581223853413,0.0247189376944299,0.0124678475793767

0.0296613419892552,0.0465313529020787,0.0465872670607811,0.042489137292136

0.0679508693786109,0.0718576057379263,0.025044244646581,0.0307594433896055

0.0190886302334669,0.0806701709848201,0.064843961473016,0.0346180318410592

0.00927389252178547,0.0365435380452742,0.0199358956934586,0.036485796786228

0.0410386859153941,0.0477704816677571,0.0396584295247022,0.047523894328599

0.0292878833924316,0.029339371588568,0.0141779274140382,0.0293239381628769

0.0360920980461559,0.0357466880979319,0.035994896396047,0.0360747777494055

0.0533566178164243,0.0533524175152119,0.0533909656834293,0.0115843409679757

0.0187459014396863,0.0882446998995091,0.0367091817905704,0.04076774255874

0.0171636344525794,0.0456807553277307,0.0204793418620151,0.0251186789642641

0.0393583677473284,0.0198075133235229,0.0869848756108288,0.0157215249565065

0.0151586268866242,0.0431698319130204,0.0430566233603367,0.0153963694746589

0.0453302905128013,0.063705740856801,0.0123080153774042,0.0212799993582442

0.0551434758888294,0.0532008907400076,0.0395351012188639,0.0875570259604403

0.0423534254880405,0.0752741297638389,0.0698527660127044,0.0200916023971939

0.0179906570948617,0.0529128429120932,0.0534631109440062,0.0480922891749499

0.0263160456792992,0.0632596205050403,0.025872130401373,0.0606998725099023

0.0498544080741026,0.0691681531347186,0.0377848269174736,0.0810058901044568

0.0635813024144533,0.0245397505604381,0.0321596792070939,0.0531252330369899

0.0249025405637423,0.0246660806128503,0.00690113887861428,0.0114560110501275

0.0240557391634471,0.0728389869550425,0.0268011112216865,0.0135905915887983

0.0495883415558508,0.0492977434000711,0.0464408650791463,0.049499344621073

0.0595832194618803,0.0391521558301301,0.0765320644977599,0.0318895046887405

0.0270765329672851,0.0103877394648212,0.0170196310717061,0.0272973285450786

0.0355776209789742,0.0356663145652252,0.035389478801351,0.0354990546314716

0.0396741599648984,0.0224593722993831,0.0395515697625627,0.0393556520321047

0.0246226045834174,0.0213021252729474,0.024605242376077,0.0244139429293498

0.0310412115329137,0.0304928981890976,0.0321594023680189,0.0322147954395728

0.0225947617009529,0.0310230103938593,0.0307608641372372,0.0308269178706083

0.0357828213434093,0.0498725193552079,0.0520424204190623,0.0524066271725924

0.0268187554258941,0.0490061939803795,0.011116653048022,0.0207022522439725

0.0484785211759503,0.0158953222287331,0.0204583269033853,0.0487000820140613

0.0174117286910358,0.0457141543718586,0.0657557951002195,0.0662508461155104

0.0190509231803245,0.0306273965261073,0.0512533281194979,0.0409520838553794

0.0272970255544861,0.0506389738436039,0.0676696776494708,0.0473862004081654

0.016127723644547,0.015837139750755,0.034503799166765,0.0731733512800063

0.0650110703962907,0.0545172940401907,0.0191417778325927,0.0121508082384946

0.0143518762310743,0.0719763517295832,0.0503337931448285,0.0164718830243088

0.0611921228334271,0.0269158541862461,0.0250802509556898,0.074981110126237

0.0272171736742023,-0.0106086879349819,-0.0257413238820864,0.0272282797358722

0.0108437983695622,0.0187600826542173,0.0331919966373555,0.068111699982855

0.0737701864465944,0.0255080189221576,0.0348460998501843,0.0733459862947425

0.0222489737403807,0.0550837793783675,0.0178546445853331,0.056378703532564

0.0473329912279718,0.0420177630856716,0.0474891892375914,0.0209816156751391

0.0345188109921042,0.0279433017680157,0.034390473153774,-0.0239407025558311

0.0843069809863918,0.0183075186648907,0.0588416867185578,0.0354353769614526

0.0853803612270301,0.0803089476331644,-0.0285026081809392,0.0821350689940784

0.0150725598145975,-0.0396995456588504,0.00846081114060749,0.0153623902819386

0.0181957968223834,-0.117126491057594,0.0182460083183042,0.0181174748747978

0.0513363107818464,0.0491767420057099,0.0515969837891422,0.0515904384896845

0.0296711941900063,0.0270214475025523,0.0477513085552602,0.0479652552166266

0.0629316093195294,0.00921242494504544,0.0342690413185717,0.0291743597477555

0.060553952739832,0.0140986352805508,0.0491577895913077,0.0540437004920299

0.089148527308902,0.069171759290235,0.0332720473144539,0.0825362797046715

0.0256634472756011,0.0877566196759029,0.079946695934025,0.0893200898912363

0.069693499868593,0.042711030856106,0.076573184759623,0.0410823026444215

0.0861186977830337,0.0353973281874309,0.0302420853172625,0.0345587557668606

0.0854753610470683,0.034739311796026,0.0383364725617396,0.0766465785292194

0.0343989880124102,0.0620013426858938,0.0865653478338222,0.0697320968935881

